0 0.50413 0.0993097 0.0116504 0.0214619
0 0.541272 0.352789 0.0123881 0.0358424
0 0.537712 0.428619 0.013789 0.0405797
0 0.531983 0.550875 0.0160548 0.0485103
0 0.514067 0.921516 0.0231025 0.0751127
0 0.50413 0.0993097 0.0116504 0.0214619
0 0.541272 0.352789 0.0123881 0.0358424
0 0.537712 0.428619 0.013789 0.0405797
0 0.531983 0.550875 0.0160548 0.0485103
0 0.514266 0.917441 0.0230231 0.0747899
0 0.50413 0.0993097 0.0116504 0.0214619
0 0.541272 0.352789 0.0123881 0.0358424
0 0.537712 0.428619 0.013789 0.0405797
0 0.532077 0.548858 0.0160189 0.0483764
0 0.514266 0.917441 0.0230231 0.0747899
