0 0.498482 0.123217 0.00802902 0.0250596
0 0.498048 0.165725 0.00860487 0.0269364
0 0.497408 0.227096 0.00946019 0.0297289
0 0.495683 0.372481 0.011626 0.0367978
0 0.491933 0.592145 0.0160593 0.0493303
0 0.518954 0.690769 0.0169209 0.0541378
0 0.498482 0.123217 0.00802902 0.0250596
0 0.498048 0.165725 0.00860487 0.0269364
0 0.497418 0.226145 0.00944723 0.0296855
0 0.495683 0.372481 0.011626 0.0367978
0 0.492039 0.589936 0.0160096 0.0491964
0 0.518954 0.690769 0.0169209 0.0541378
0 0.498489 0.122515 0.00801989 0.0250292
0 0.498056 0.164925 0.00859643 0.0269019
0 0.497418 0.226145 0.00944723 0.0296855
0 0.495683 0.372481 0.011626 0.0367978
0 0.492039 0.589936 0.0160096 0.0491964
0 0.518954 0.690769 0.0169209 0.0541378
