0 0.498187 0.188944 0.00834021 0.0257624
0 0.498187 0.188944 0.00834021 0.0257624
0 0.497707 0.234706 0.00899276 0.0279152
0 0.496976 0.301531 0.00998715 0.0311912
0 0.49489 0.466229 0.0125816 0.0398888
0 0.514136 0.71613 0.0275728 0.0615322
0 0.518032 0.665646 0.0169736 0.0519441
0 0.498187 0.188944 0.00834021 0.0257624
0 0.497707 0.234706 0.00899276 0.0279152
0 0.496976 0.301531 0.00998715 0.0311912
0 0.49489 0.466229 0.0125816 0.0398888
0 0.514136 0.71613 0.0275728 0.0615322
0 0.518032 0.665646 0.0169736 0.0519441
0 0.497697 0.235568 0.00900652 0.0279583
0 0.496976 0.301531 0.00998715 0.0311912
0 0.49489 0.466229 0.0125816 0.0398888
0 0.514136 0.71613 0.0275728 0.0615322
0 0.518032 0.665646 0.0169736 0.0519441
