0 0.498297 0.178551 0.00819347 0.0252813
0 0.497833 0.222782 0.00882309 0.0273495
0 0.497139 0.28719 0.00976672 0.0304756
0 0.495169 0.444782 0.012235 0.0387121
0 0.498154 0.688079 0.0240663 0.0595068
0 0.518572 0.669919 0.0162473 0.0525219
0 0.498297 0.178551 0.00819347 0.0252813
0 0.497833 0.222782 0.00882309 0.0273495
0 0.497139 0.28719 0.00976672 0.0304756
0 0.495169 0.444782 0.012235 0.0387121
0 0.498154 0.688079 0.0240663 0.0595068
0 0.518572 0.669919 0.0162473 0.0525219
0 0.498297 0.178551 0.00819347 0.0252813
0 0.497833 0.222782 0.00882309 0.0273495
0 0.497139 0.28719 0.00976672 0.0304756
0 0.495188 0.443294 0.0122089 0.0386285
0 0.498154 0.688079 0.0240663 0.0595068
0 0.518572 0.669919 0.0162473 0.0525219
