0 0.496292 0.0953804 0.011517 0.0212078
0 0.540463 0.370045 0.0127048 0.036908
0 0.536704 0.450105 0.0141875 0.041946
0 0.530609 0.580084 0.0166046 0.0504672
0 0.511076 0.981548 0.0243697 0.0797667
0 0.496292 0.0953804 0.011517 0.0212078
0 0.540463 0.370045 0.0127048 0.036908
0 0.536704 0.450105 0.0141875 0.041946
0 0.530609 0.580084 0.0166046 0.0504672
0 0.511299 0.977067 0.0242752 0.0794177
0 0.496292 0.0953804 0.011517 0.0212078
0 0.540463 0.370045 0.0127048 0.036908
0 0.536704 0.450105 0.0141875 0.041946
0 0.53071 0.577937 0.0165652 0.0503198
0 0.511299 0.977067 0.0242752 0.0794177
