0 0.498432 0.128178 0.0080956 0.0252777
0 0.497989 0.171363 0.00868505 0.0271897
0 0.497336 0.233798 0.00955764 0.0300422
0 0.49556 0.382138 0.0117759 0.0372869
0 0.490453 0.607819 0.0184548 0.0521401
0 0.518954 0.690769 0.0169209 0.0541378
0 0.498432 0.128178 0.0080956 0.0252777
0 0.497989 0.171363 0.00868505 0.0271897
0 0.497346 0.232838 0.00954438 0.0299967
0 0.49556 0.382138 0.0117759 0.0372869
0 0.490754 0.605572 0.0181991 0.0518232
0 0.518954 0.690769 0.0169209 0.0541378
0 0.49844 0.127464 0.00808629 0.0252455
0 0.497998 0.170552 0.00867137 0.0271529
0 0.497346 0.232838 0.00954438 0.0299967
0 0.49556 0.382138 0.0117759 0.0372869
0 0.490754 0.605572 0.0181991 0.0518232
0 0.518954 0.690769 0.0169209 0.0541378
