0 0.506494 0.100424 0.0105524 0.0215889
0 0.54166 0.34448 0.0122303 0.0353292
0 0.538196 0.41832 0.0135983 0.0399286
0 0.532634 0.536958 0.0158005 0.0475917
0 0.515427 0.893546 0.022564 0.0729638
0 0.506494 0.100424 0.0105524 0.0215889
0 0.54166 0.34448 0.0122303 0.0353292
0 0.538196 0.41832 0.0135983 0.0399286
0 0.532634 0.536958 0.0158005 0.0475917
0 0.515616 0.889655 0.0224939 0.072675
0 0.506494 0.100424 0.0105524 0.0215889
0 0.54166 0.34448 0.0122303 0.0353292
0 0.538196 0.41832 0.0135983 0.0399286
0 0.532726 0.535007 0.015765 0.0474638
0 0.515616 0.889655 0.0224939 0.072675
