0 0.498341 0.158543 0.00816845 0.0253266
0 0.497884 0.202481 0.00878325 0.0273368
0 0.497205 0.266293 0.00970308 0.0303593
0 0.495297 0.421298 0.0120824 0.0382344
0 0.493673 0.658237 0.0214652 0.056735
0 0.518655 0.673763 0.0163931 0.0527537
0 0.498341 0.158543 0.00816845 0.0253266
0 0.497884 0.202481 0.00878325 0.0273368
0 0.497205 0.266293 0.00970308 0.0303593
0 0.495297 0.421298 0.0120824 0.0382344
0 0.493673 0.658237 0.0214652 0.056735
0 0.518655 0.673763 0.0163931 0.0527537
0 0.498341 0.158543 0.00816845 0.0253266
0 0.497884 0.202481 0.00878325 0.0273368
0 0.497205 0.266293 0.00970308 0.0303593
0 0.495316 0.419832 0.0120622 0.0381602
0 0.493673 0.658237 0.0214652 0.056735
0 0.518655 0.673763 0.0163931 0.0527537
