0 0.498243 0.183701 0.00826274 0.0255181
0 0.497771 0.228704 0.00890647 0.0276285
0 0.497059 0.294285 0.00987735 0.0308289
0 0.495032 0.455359 0.0124066 0.0392938
0 0.504998 0.70314 0.0266498 0.0610162
0 0.517417 0.666128 0.0262555 0.0552898
0 0.498243 0.183701 0.00826274 0.0255181
0 0.497771 0.228704 0.00890647 0.0276285
0 0.497059 0.294285 0.00987735 0.0308289
0 0.495032 0.455359 0.0124066 0.0392938
0 0.504998 0.70314 0.0266498 0.0610162
0 0.517417 0.666128 0.0262555 0.0552898
0 0.498243 0.183701 0.00826274 0.0255181
0 0.497771 0.228704 0.00890647 0.0276285
0 0.497059 0.294285 0.00987735 0.0308289
0 0.495053 0.45383 0.0123788 0.0392065
0 0.504998 0.70314 0.0266498 0.0610162
0 0.517417 0.666128 0.0262555 0.0552898
