0 0.499634 0.097053 0.0115701 0.0213188
0 0.540872 0.361307 0.0125461 0.0363683
0 0.537215 0.439209 0.0139859 0.0412514
0 0.531307 0.565246 0.0163276 0.0494717
0 0.512609 0.950815 0.023718 0.0773697
0 0.500752 0.0976149 0.011591 0.021354
0 0.540872 0.361307 0.0125461 0.0363683
0 0.537215 0.439209 0.0139859 0.0412514
0 0.531307 0.565246 0.0163276 0.0494717
0 0.512822 0.946544 0.0236272 0.0770381
0 0.500752 0.0976149 0.011591 0.021354
0 0.540872 0.361307 0.0125461 0.0363683
0 0.537215 0.439209 0.0139859 0.0412514
0 0.531405 0.563164 0.0162889 0.0493327
0 0.512822 0.946544 0.0236272 0.0770381
