0 0.498383 0.138321 0.00814531 0.0253953
0 0.497934 0.182028 0.00874832 0.0273507
0 0.497268 0.245323 0.00964193 0.0302753
0 0.495438 0.396466 0.0119237 0.0377491
0 0.491146 0.62835 0.0185181 0.0534075
0 0.518775 0.678126 0.0166503 0.0533375
0 0.498383 0.138321 0.00814531 0.0253953
0 0.497934 0.182028 0.00874832 0.0273507
0 0.497268 0.245323 0.00964193 0.0302753
0 0.495438 0.396466 0.0119237 0.0377491
0 0.490866 0.626032 0.01838 0.0531876
0 0.518795 0.680741 0.0166941 0.0534875
0 0.49839 0.137597 0.00813711 0.0253644
0 0.497942 0.181206 0.0087349 0.0273126
0 0.497279 0.244348 0.00962458 0.0302271
0 0.495438 0.396466 0.0119237 0.0377491
0 0.490866 0.626032 0.01838 0.0531876
0 0.518795 0.680741 0.0166941 0.0534875
